[['NOCK', '2025/10/12版', 0, 0, './data/', 10, 1, 0, 0, -7777, -7777, -7777], 


['Right Click', False, [[-1, -1, -1, 0, 1, -100, -100, 110, 120, 20, (0, 0, 255), True, False, True, False, -77, -77, -77, -1, -1], [0, 0, 0, 'Toggle', ['メ１', 0, 0, 110, 30, 0, 0, 0, 0, (0, 0, 0), (128, 128, 128), (0, 0, 0), 0, -7, -7, -7, -1]]], 0], 


[[0, -1, 'game_back_mountain.jpg', 0, 3, 4, -777, -777, -777], 

[[0, 1, -1, 7, 1, 300, 50, 900, 50, 40, 1, (175, 223, 228), True, False, True, False, -77, -77, -77, None], [0, 0, 0, 'Text', ['シナリオを選んでください。', 25, 5, 850, 40, 25, 5, 0, 0, (0, 0, 0), (128, 128, 128), (255, 255, 255), 1, -7, -7, -7, None]]], 

[[1, 2, 0, 4, 1, 400, 150, 680, 400, 20, 1, (175, 223, 228), True, True, False, False, -77, -77, -77, None], [0, 1, 0, 'Toggle', ['page_data_2問_3択x3択.csv', 10, 10, 660, 40, 10, 10, 0, 0, (0, 0, 0), (128, 128, 128), (255, 255, 255), 1, -7, -7, -7, None]], [0, 1, 1, 'Toggle', ['page_data_2問_公式HP.csv', 10, 66, 660, 40, 10, 66, 0, 0, (0, 0, 0), (128, 128, 128), (255, 255, 255), 1, -7, -7, -7, None]], [0, 1, 2, 'Toggle', ['page_data_3 問_公式HP_youtube.csv', 10, 122, 660, 40, 10, 122, 0, 0, (0, 0, 0), (128, 128, 128), (255, 255, 255), 1, -7, -7, -7, None]], [0, 1, 3, 'Toggle', ['page_data_4問_飛び先54種類.csv', 10, 178, 660, 40, 10, 178, 0, 0, (0, 0, 0), (128, 128, 128), (255, 255, 255), 1, -7, -7, -7, None]], [0, 1, 4, 'Toggle', ['page_data__new.csv', 10, 234, 660, 40, 10, 234, 0, 0, (0, 0, 0), (128, 128, 128), (255, 255, 255), 1, -7, -7, -7, None]], [0, 1, 5, 'Toggle', ['page_data_音楽_YOUTUBE_6択.csv', 10, 290, 660, 40, 10, 290, 0, 0, (0, 0, 0), (128, 128, 128), (255, 255, 255), 1, -7, -7, -7, None]], [0, 1, 6, 'Toggle', ['page_data_音楽_公式HP_４択.csv', 10, 350, 660, 40, 10, 350, 0, 0, (0, 0, 0), (128, 128, 128), (255, 255, 255), 1, -7, -7, -7, None]]], 

[[2, 3, 1, 1, 2, 920, 570, 520, 70, 32, 1, (175, 223, 228), True, False, True, False, -77, -77, -77, -1], [0, 2, 0, 'Button', ['シナリオの決定', 5, 5, 250, 60, 5, 5, 0, 0, (0, 0, 0), (128, 128, 128), (255, 255, 255), 1, -7, -7, -7, 'URL']], [0, 2, 1, 'Button', ['キャンセル', 265, 5, 250, 60, 265, 5, 0, 0, (0, 0, 0), (128, 128, 128), (255, 255, 255), 1, -7, -7, -7, 'URL']]], 

[[3, -1, 2, 1, 2, 470, 630, 1000, 70, 22, 0, (175, 223, 228), True, False, True, True, -77, -77, -77, -1], [0, 3, 0, 'Button', ['次に進む', 5, 5, 150, 60, 5, 5, 0, 0, (0, 0, 0), (128, 128, 128), (212, 143, 150), 0, -7, -7, -7, 'URL']], [0, 3, 1, 'Button', ['前に戻る', 173, 5, 150, 60, 173, 5, 0, 0, (0, 0, 0), (128, 128, 128), (212, 143, 150), 0, -7, -7, -7, 'URL']], [0, 3, 2, 'Button', ['データの読込', 341, 5, 150, 60, 341, 5, 0, 0, (0, 0, 0), (128, 128, 128), (212, 143, 150), 0, -7, -7, -7, 'URL']], [0, 3, 3, 'Button', ['データを保存', 509, 5, 150, 60, 509, 5, 0, 0, (0, 0, 0), (128, 128, 128), (212, 143, 150), 0, -7, -7, -7, 'URL']], [0, 3, 4, 'Button', ['実行', 677, 5, 150, 60, 677, 5, 0, 0, (0, 0, 0), (128, 128, 128), (212, 143, 150), 0, -7, -7, -7, 'URL']], [0, 3, 5, 'Button', ['終了', 845, 5, 150, 60, 845, 5, 0, 0, (0, 0, 0), (128, 128, 128), (212, 143, 150), 0, -7, -7, -7, 'URL']]]], 


[[1, -1, 'game_back_mountain.jpg', 0, 3, 4, -777, -777, -777], 

[[0, 1, -1, 7, 1, 450, 50, 600, 50, 40, 1, (175, 223, 228), True, False, True, False, -77, -77, -77, None], [1, 0, 0, 'Text', ['使用する画像を選んでください。', 25, 5, 550, 40, 25, 5, 0, 0, (0, 0, 0), (128, 128, 128), (255, 255, 255), 1, -7, -7, -7, None]]],

[[1, 2, 0, 4, 1, 500, 150, 480, 400, 32, 1, (175, 223, 228), True, True, False, False, -77, -77, -77, None], [1, 1, 0, 'Toggle', ['game_back_forest.jpg', 10, 10, 460, 70, 10, 10, 0, 0, (0, 0, 0), (128, 128, 128), (255, 255, 255), 1, -7, -7, -7, None]], [1, 1, 1, 'Toggle', ['game_back_mountain.jpg', 10, 113, 460, 70, 10, 113, 0, 0, (0, 0, 0), (128, 128, 128), (255, 255, 255), 1, -7, -7, -7, None]], [1, 1, 2, 'Toggle', ['game_back_space.jpg', 10, 216, 460, 70, 10, 216, 0, 0, (0, 0, 0), (128, 128, 128), (255, 255, 255), 1, -7, -7, -7, None]], [1, 1, 3, 'Toggle', ['game_back_stars.jpg', 10, 320, 460, 70, 10, 320, 0, 0, (0, 0, 0), (128, 128, 128), (255, 255, 255), 1, -7, -7, -7, None]]], 

[[2, 3, 1, 1, 2, 920, 570, 520, 70, 32, 1, (175, 223, 228), True, False, True, False, -77, -77, -77, -1], [1, 2, 0, 'Button', ['ファイルの決定', 5, 5, 250, 60, 5, 5, 0, 0, (0, 0, 0), (128, 128, 128), (255, 255, 255), 1, -7, -7, -7, 'URL']], [1, 2, 1, 'Button', ['キャンセル', 265, 5, 250, 60, 265, 5, 0, 0, (0, 0, 0), (128, 128, 128), (255, 255, 255), 1, -7, -7, -7, 'URL']]], 

[[3, -1, 2, 1, 2, 470, 630, 1000, 70, 22, 0, (175, 223, 228), True, False, True, True, -77, -77, -77, -1], [1, 3, 0, 'Button', ['次に進む', 5, 5, 150, 60, 5, 5, 0, 0, (0, 0, 0), (128, 128, 128), (212, 143, 150), 0, -7, -7, -7, 'URL']], [1, 3, 1, 'Button', ['前に戻る', 173, 5, 150, 60, 173, 5, 0, 0, (0, 0, 0), (128, 128, 128), (212, 143, 150), 0, -7, -7, -7, 'URL']], [1, 3, 2, 'Button', ['データの読込', 341, 5, 150, 60, 341, 5, 0, 0, (0, 0, 0), (128, 128, 128), (212, 143, 150), 0, -7, -7, -7, 'URL']], [1, 3, 3, 'Button', ['データを保存', 509, 5, 150, 60, 509, 5, 0, 0, (0, 0, 0), (128, 128, 128), (212, 143, 150), 0, -7, -7, -7, 'URL']], [1, 3, 4, 'Button', ['実行', 677, 5, 150, 60, 677, 5, 0, 0, (0, 0, 0), (128, 128, 128), (212, 143, 150), 0, -7, -7, -7, 'URL']], [1, 3, 5, 'Button', ['終了', 845, 5, 150, 60, 845, 5, 0, 0, (0, 0, 0), (128, 128, 128), (212, 143, 150), 0, -7, -7, -7, 'URL']]]], 


[[2, -1, 'game_back_mountain.jpg', 0, 4, 5, -777, -777, -777], 

[[0, 1, -1, 7, 1, 450, 50, 600, 50, 40, 1, (175, 223, 228), True, False, True, False, -77, -77, -77, None], [2, 0, 0, 'Text', ['色のRGB値を選んでください。', 25, 5, 550, 40, 25, 5, 0, 0, (0, 0, 0), (128, 128, 128), (255, 255, 255), 1, -7, -7, -7, None]]], 

[[1, 2, 0, 3, 1, 300, 150, 420, 330, 28, 1, (175, 223, 228), True, True, True, False, -77, -77, -77, None], [2, 1, 0, 'Slider', ['Red  ', 10, 10, 400, 60, 10, 10, 0, 0, (0, 0, 0), (128, 128, 128), (255, 255, 255), 1, -7, -7, -7, 0.6, 0, 255]], [2, 1, 1, 'Slider', ['Green', 10, 135, 400, 60, 10, 135, 0, 0, (0, 0, 0), (128, 128, 128), (255, 255, 255), 1, -7, -7, -7, 0.6, 0, 255]], [2, 1, 2, 'Slider', ['Blue ', 10, 260, 400, 60, 10, 260, 0, 0, (0, 0, 0), (128, 128, 128), (255, 255, 255), 1, -7, -7, -7, 0.6, 0, 255]]], 

[[2, 3, 1, 0, 1, 800, 116, 400, 400, 32, 1, (175, 223, 228), True, True, False, False, -77, -77, -77, None], [2, 2, 0, 'Frame', ['色データ', 50, 50, 300, 300, 50, 50, 0, 0, (0, 0, 0), (128, 128, 128), (255, 255, 255), 1, -7, -7, -7, None]]], 

[[3, 4, 2, 1, 2, 920, 570, 450, 70, 32, 1, (175, 223, 228), True, False, True, False, -77, -77, -77, -1], [2, 3, 0, 'Button', ['RGB値の決定', 5, 5, 200, 60, 5, 5, 0, 0, (0, 0, 0), (128, 128, 128), (255, 255, 255), 1, -7, -7, -7, 'URL']], [2, 3, 1, 'Button', ['キャンセル', 245, 5, 200, 60, 245, 5, 0, 0, (0, 0, 0), (128, 128, 128), (255, 255, 255), 1, -7, -7, -7, 'URL']]], 

[[4, -1, 3, 1, 2, 470, 630, 1000, 70, 22, 0, (175, 223, 228), True, False, True, True, -77, -77, -77, -1], [2, 4, 0, 'Button', ['次に進む', 5, 5, 150, 60, 5, 5, 0, 0, (0, 0, 0), (128, 128, 128), (212, 143, 150), 0, -7, -7, -7, 'URL']], [2, 4, 1, 'Button', ['前に戻る', 173, 5, 150, 60, 173, 5, 0, 0, (0, 0, 0), (128, 128, 128), (212, 143, 150), 0, -7, -7, -7, 'URL']], [2, 4, 2, 'Button', ['データの読込', 341, 5, 150, 60, 341, 5, 0, 0, (0, 0, 0), (128, 128, 128), (212, 143, 150), 0, -7, -7, -7, 'URL']], [2, 4, 3, 'Button', ['データを保存', 509, 5, 150, 60, 509, 5, 0, 0, (0, 0, 0), (128, 128, 128), (212, 143, 150), 0, -7, -7, -7, 'URL']], [2, 4, 4, 'Button', ['実行', 677, 5, 150, 60, 677, 5, 0, 0, (0, 0, 0), (128, 128, 128), (212, 143, 150), 0, -7, -7, -7, 'URL']], [2, 4, 5, 'Button', ['終了', 845, 5, 150, 60, 845, 5, 0, 0, (0, 0, 0), (128, 128, 128), (212, 143, 150), 0, -7, -7, -7, 'URL']]]]]